2 0.0008612999954493716 0.20697980000113603
5 0.0005668000085279346 0.003263699996750802
10 0.00045429999590851367 0.005431199999293312
20 0.000410699998610653 0.006807800004025921
40 0.00094600000011269 0.010407099995063618
60 0.0012048000062350184 0.015085199993336573
100 0.0021219000045675784 0.02908749999187421
160 0.003906500001903623 0.039257500000530854
250 0.016197200005990453 0.0594888999912655
350 0.019035499994060956 0.08444170000439044
500 0.035935399995651096 0.14611950000107754
1000 0.15668519999599084 0.3626215999975102
2000 0.7036920999962604 0.8658369000040693
3000 1.5200284000020474 1.7676867000118364
5000 4.347211900007096 4.506890599994222
8000 11.58457510000153 11.305871800010209
12000 25.650910600001225 25.55205689999275
