2 0.01898589999473188 0.23154589999467134
5 0.0004886000097030774 0.0049999000038951635
10 0.0004675999953178689 0.003612600004998967
20 0.0007554000039817765 0.006910700001753867
40 0.0009139000030700117 0.01090009999461472
60 0.001102599999285303 0.016322800001944415
100 0.002206699995440431 0.024781500003882684
160 0.0037334000080591068 0.039470799994887784
250 0.009298799996031448 0.06596560000616591
350 0.019044999993639067 0.09608190000290051
500 0.03994329999841284 0.1938369999988936
1000 0.3700094999949215 0.33546729999943636
2000 0.7030951000051573 0.9061718999873847
3000 1.7718839000008302 1.9523869999975432
5000 4.942952600002172 5.593383300001733
8000 14.518136099999538 13.545767000003252
12000 30.379795900007593 31.74074959999416
