2 0.00046529999235644937 0.19826370000373572
5 0.00042609999945852906 0.0031768000044394284
10 0.0003547999949660152 0.005478500010212883
20 0.0002845999988494441 0.005814300006022677
40 0.0004958000063197687 0.009629499996663071
60 0.0009919000003719702 0.015329699992435053
100 0.0018391000048723072 0.023981599995750003
160 0.0037453999975696206 0.03995720000239089
250 0.00835920000099577 0.07044709999172483
350 0.018265599996084347 0.08871609999914654
500 0.04492949999985285 0.15107150000403635
1000 0.199744900004589 0.37265050000860356
2000 0.63989269999729 0.8516391000011936
3000 1.4415789999911794 1.874042900002678
5000 4.67434179999691 5.662004199999501
8000 12.70212729999912 17.601657700011856
12000 26.709315999993123 31.218622300002608
