2 0.0005415999912656844 0.0025236000074073672
5 0.0003495999990263954 0.0029678999999305233
10 0.0002710999979171902 0.0043947999947704375
20 0.0006101000035414472 0.005976600004942156
40 0.0005065000004833564 0.010305900010280311
60 0.0006527999939862639 0.015758000008645467
100 0.0017220000008819625 0.02283970000280533
160 0.0036568000068655238 0.03735519999463577
250 0.00960089999716729 0.05774530000053346
350 0.02023489998828154 0.09703070000978187
500 0.03905999999551568 0.155114200009848
1000 0.16879249998601153 0.3558179000101518
2000 0.7157635999901686 1.1465989999996964
3000 1.5254864000016823 1.9432226000062656
5000 4.40135640000517 4.611151000004611
8000 11.311928199997055 12.424916600008146
12000 25.360011400000076 31.947377600008622
