2 0.01639009999053087 0.27661410000291653
5 0.0010184999991906807 0.003485599998384714
10 0.0004926999972667545 0.004594199999701232
20 0.000975800008745864 0.006795899986173026
40 0.0013042999926256016 0.010683000000426546
60 0.0011158999986946583 0.015819899999769405
100 0.002092599999741651 0.029882099988753907
160 0.0043006000050809234 0.03937739999673795
250 0.008398800011491403 0.06491859999368899
350 0.029226399987237528 0.09672390000196174
500 0.03470030000607949 0.14246889999776613
1000 0.18286539999826346 0.4153346999955829
2000 0.7281649999931687 1.0368146000109846
3000 1.705679599996074 1.720400599995628
5000 4.113308699990739 4.803711100001237
8000 10.954111800005194 11.165597400002298
12000 24.31879000000481 25.593699299992295
