2 0.11961409999639727 0.1135097000078531
5 4.919999628327787e-05 8.520000847056508e-05
10 5.400000372901559e-05 4.739999712910503e-05
20 8.38999985717237e-05 6.890000076964498e-05
40 0.00024229999689850956 0.00036700000055134296
60 0.0012605000083567575 0.0002564999886089936
100 0.0030685000092489645 0.00048499999684281647
160 0.007267499997396953 0.000790000005508773
250 0.017307899994193576 0.0016854999994393438
350 0.03899939999973867 0.003221599996322766
500 0.08497310000529978 0.006855100000393577
1000 0.26381610000680666 0.038451400003395975
2000 0.7756790999992518 0.24672190001001582
3000 1.4718155000009574 0.741115600001649
5000 4.085339800003567 3.1265796999941813
8000 10.773307199997362 12.433919599992805
12000 24.067364400005317 38.57327000000805
