2 0.13171459999284707 0.1087145000055898
5 8.05000017862767e-05 0.00011219999578315765
10 3.5599994589574635e-05 4.820000322069973e-05
20 9.879999561235309e-05 0.0006680000078631565
40 0.00021850000484846532 0.0002179000002797693
60 0.0010244000004604459 0.00026270000671502203
100 0.0027501000004122034 0.00046629999997094274
160 0.007868200002121739 0.0009040000004461035
250 0.019065499989665113 0.001736600010190159
350 0.03782509999291506 0.0030857000092510134
500 0.08272310000029393 0.006744400001480244
1000 0.2686851000034949 0.038373599993065
2000 0.7506686999986414 0.23449509999773
3000 1.5303112999972655 0.7524020999990171
5000 3.9900057000049856 3.1249456999939866
8000 10.033390800002962 11.767666500003543
12000 22.885831600011443 37.829566200001864
