2 4.980000085197389e-05 0.001942100003361702
5 2.8800001018680632e-05 0.00030949999927543104
10 3.6699988413602114e-05 5.2100003813393414e-05
20 7.500000356230885e-05 0.0002894999925047159
40 0.000444200006313622 0.0010261999996146187
60 0.0011003999970853329 0.000792799997725524
100 0.0032177999964915216 0.0028591000009328127
160 0.006577200008905493 0.03134960000170395
250 0.016750700000557117 0.005416300002252683
350 0.03715839999495074 0.005192700002226047
500 0.0825226000015391 0.011873399998876266
1000 0.2607974999991711 0.05371300000115298
2000 0.8480551999964518 0.3620837000053143
3000 1.5542172999994364 0.8463860000047134
5000 3.883427099994151 3.164131700003054
8000 10.044597700005397 12.943636500000139
12000 23.635968299990054 41.0402996000048
