2 0.11810749999131076 0.1113171000033617
5 3.599999763537198e-05 7.159999222494662e-05
10 5.2700008382089436e-05 8.349999552592635e-05
20 8.369999704882503e-05 7.590001041535288e-05
40 0.00023020000662654638 0.000232299993513152
60 0.0012075999984517694 0.0002423999976599589
100 0.0029575999942608178 0.0004599000094458461
160 0.00761909999710042 0.0015232000005198643
250 0.017439800009015016 0.0016419000021414831
350 0.03842820000136271 0.003329299986944534
500 0.0830162000056589 0.0070727999991504475
1000 0.27854780000052415 0.036801399997784756
2000 0.7630124999996042 0.2308400000038091
3000 1.418492900003912 0.7467554000031669
5000 3.873522200010484 3.1114547999895876
8000 10.113046099999337 11.769708400010131
12000 24.313413399999263 40.91190500000084
