2 0.14954620000207797 0.18339750000450294
5 0.00011130000348202884 0.0002460999967297539
10 0.00011449999874457717 0.000337799996486865
20 0.00013020000187680125 0.00021579999884124845
40 0.00068299999111332 0.00031450000824406743
60 0.0013518999912776053 0.0003853999951388687
100 0.0037623000098392367 0.019551299992599525
160 0.011831700001494028 0.004050299990922213
250 0.019868499992298894 0.0032556000078329816
350 0.041068400008953176 0.0033552999957464635
500 0.08438439999008551 0.007615599999553524
1000 0.2683961000002455 0.03694540000287816
2000 0.8570285000023432 0.24795089999679476
3000 1.5934472999942955 0.7203819999995176
5000 4.565579100002651 3.5351513999921735
8000 10.58664160000626 12.140610699992976
12000 24.20321619999595 40.02026530000148
