2 0.25873660000797827 0.13580089999595657
5 4.75000124424696e-05 2.5399989681318402e-05
10 5.789998976979405e-05 1.2200005585327744e-05
20 0.0005444999987957999 1.09999964479357e-05
40 0.0006349000032059848 0.00023219999275170267
60 0.0018853999936254695 4.030000127386302e-05
100 0.0033709999988786876 5.750000127591193e-05
160 0.0061520000017480925 0.00014029999147169292
250 0.02373240000451915 0.00039149999793153256
350 0.03786729999410454 0.001404300011927262
500 0.11091180000221357 0.0035927999997511506
1000 0.3672325999941677 0.02995270000246819
2000 1.4457930000062333 0.2293632999935653
3000 3.0230161999934353 0.489836099994136
5000 8.698510400005034 2.621998899994651
8000 21.9044273999898 9.904088000010233
12000 49.364038300001994 31.429047300000093
