2 0.0007064999954309314 0.00017640000442042947
5 0.0006818000110797584 0.0001210999907925725
10 0.0005865999992238358 0.00011579999409150332
20 0.000563900000997819 0.00011449999874457717
40 0.0018103000038536265 0.0005662000039592385
60 0.002001500004553236 0.0001336999994236976
100 0.004444399994099513 0.00020470000163186342
160 0.007332399996812455 0.00014910000027157366
250 0.019219999987399206 0.00025660000392235816
350 0.03824670000176411 0.0002511999919079244
500 0.07524820000980981 0.00024709998979233205
1000 0.45831960000214167 0.00019049999536946416
2000 1.7194158000056632 0.001019500006805174
3000 3.5569579000002705 0.0004965999978594482
5000 9.80649619999167 0.0005109000048832968
8000 27.51406169999973 0.0006414999952539802
12000 58.89531769999303 0.0007917000039014965
