2 0.21805669998866506 0.11448870001186151
5 6.180000491440296e-05 2.3299988242797554e-05
10 7.51999905332923e-05 1.790000533219427e-05
20 0.00025270000332966447 2.7799993404187262e-05
40 0.0005068000027677044 0.0002158999996026978
60 0.000935500007472001 4.069998976774514e-05
100 0.0029202000005170703 5.8999998145736754e-05
160 0.01157870001043193 0.0001858999894466251
250 0.026956000001518987 0.0005206000059843063
350 0.054725299996789545 0.0013732000079471618
500 0.11192299998947419 0.0036957000120310113
1000 0.35912910000479314 0.028183499991428107
2000 1.4060869000095408 0.1500573999946937
3000 3.286718999996083 0.538255699997535
5000 8.863706599993748 2.407553700002609
8000 22.281009300000733 10.145965000003343
12000 50.365581500009284 32.605788599990774
