2 0.0006685999978799373 0.0001652000064495951
5 0.0005715000006603077 0.00011570000788196921
10 0.0006950000097276643 0.0001320000010309741
20 0.0005529000045498833 0.00011320000339765102
40 0.0008994999952847138 0.00011580000864341855
60 0.0014910000027157366 0.00012319999223109335
100 0.0038254999963101 0.0008258000016212463
160 0.006788400001823902 0.0001311999949393794
250 0.03351979999570176 0.0002201000024797395
350 0.06045629999425728 0.0001694000093266368
500 0.12203830000362359 0.00016959999629762024
1000 0.37937260000035167 0.00018760000239126384
2000 1.6678259000036633 0.000818000000435859
3000 3.5922691999876406 0.0005732999998144805
5000 10.453483999997843 0.0006229999999050051
8000 26.86651749999146 0.0006320000102277845
12000 58.920524100001785 0.001187499990919605
