2 0.0006382999999914318 0.003018899995367974
5 0.0004776999994646758 0.00011999999696854502
10 0.000494699997943826 0.00011839999933727086
20 0.0006929000082891434 0.0001429999974789098
40 0.0013347999920370057 0.00016400001186411828
60 0.0015829000039957464 0.00020280000171624124
100 0.004409000001032837 0.0001627000019652769
160 0.01191370000015013 0.0002508000034140423
250 0.03024619999632705 0.000298700004350394
350 0.041571700014173985 0.001162899992777966
500 0.11835619999328628 0.00020340000628493726
1000 0.34318110000458546 0.00034919999598059803
2000 1.493953799988958 0.000491600003442727
3000 3.6929400999943027 0.0006054000114090741
5000 10.009551900002407 0.0006258999928832054
8000 26.810762399996747 0.0025650000025052577
12000 58.387359400003334 0.0010514000023249537
