2 0.0008006000134628266 0.0001849999971454963
5 0.0005547000037040561 0.00022709999757353216
10 0.000552500001504086 0.00012409999908413738
20 0.0014239000011002645 0.0002776000037556514
40 0.002757700000074692 0.0008694000134710222
60 0.006916499987710267 0.0005022000113967806
100 0.006509300001198426 0.00016830000095069408
160 0.00885030000063125 0.00015870000061113387
250 0.019467799997073598 0.00029690000519622117
350 0.04167360000428744 0.0003358999965712428
500 0.13616170000750571 0.00016290000348817557
1000 0.4078418999997666 0.000559599997359328
2000 1.7556881000055 0.00031489999673794955
3000 3.927373999991687 0.000647900000330992
5000 10.255085700002383 0.0004887999966740608
8000 26.252960700003314 0.0006413000082829967
12000 57.44033710000804 0.0012907999916933477
