2 5.839999357704073e-05 0.002781000002869405
5 5.329999839887023e-05 1.9699989934451878e-05
10 0.0001745999907143414 2.2400010493583977e-05
20 0.00018200000340584666 2.2799998987466097e-05
40 0.0006253999890759587 0.000894600001629442
60 0.0021312000026227906 9.980000322684646e-05
100 0.0035822999925585464 0.00011390000872779638
160 0.010793699999339879 0.0008535999950254336
250 0.016166100002010353 0.0006114999996498227
350 0.05549009999958798 0.0013753999955952168
500 0.08761070000764448 0.0035839000047417358
1000 0.37629549999837764 0.019142099990858696
2000 1.4525727999862283 0.14683480000530835
3000 3.096492299999227 0.5194754999974975
5000 9.067884300005971 2.577012299996568
8000 22.446132700002636 9.612668799993116
12000 50.30294959999446 32.96500369999558
