2 0.25486330001149327 0.11759589999564923
5 4.769999941345304e-05 4.4500004150904715e-05
10 0.00010779999138321728 9.000010322779417e-06
20 0.0002268999960506335 1.3500000932253897e-05
40 0.0009358999959658831 9.670000872574747e-05
60 0.0013114000030327588 3.819999983534217e-05
100 0.0029617999971378595 0.00010550000297371298
160 0.006671499999356456 0.00020249999943189323
250 0.021046399997430854 0.0005068999889772385
350 0.03955219998897519 0.0012688000133493915
500 0.0909585000044899 0.00275580000015907
1000 0.36599560000468045 0.025075800003833137
2000 1.3450417999993078 0.16086519999953452
3000 2.9727765999996336 0.501924299998791
5000 8.559762300006696 2.6845373999967705
8000 21.524544600004447 9.702945999990334
12000 49.87224720000813 33.322182999996585
