2 0.0007572999893454835 0.00013780000153928995
5 0.0009507999930065125 0.00011660000018309802
10 0.0005701999907614663 0.00011760000779759139
20 0.0005649000086123124 0.00012879999121651053
40 0.00141789999906905 0.000225800002226606
60 0.0015435999957844615 0.00018170000112149864
100 0.004090400005225092 0.00021969999943394214
160 0.008350500007509254 0.00013970000145491213
250 0.02069490001304075 0.000355699987267144
350 0.049322799997753464 0.0003541000041877851
500 0.11314749998564366 0.00019430000975262374
1000 0.4117643999925349 0.0002474000066285953
2000 1.6025889000011375 0.00028229999588802457
3000 3.6472204999881797 0.0005951000057393685
5000 9.826727699997718 0.0005868000007467344
8000 25.769748599996092 0.0007141000096453354
12000 59.011019400000805 0.0017269999952986836
