2 0.23521499999333173 0.12519420000899117
5 4.709999484475702e-05 3.7699996028095484e-05
10 6.269999721553177e-05 1.610000617802143e-05
20 0.0002665999927558005 2.1700005163438618e-05
40 0.00044860001071356237 6.049999501556158e-05
60 0.0024373000051127747 5.639999289996922e-05
100 0.006415299998479895 0.00045279999903868884
160 0.012241600008565001 0.00021549999655690044
250 0.032035099997301586 0.0005317000031936914
350 0.0380699000088498 0.001227799992193468
500 0.0947431999957189 0.0025642999971751124
1000 0.4273297000036109 0.026361500000348315
2000 1.5149989999918034 0.1646208000020124
3000 3.0183347999991383 0.5153889999928651
5000 8.820313800009899 2.752974799994263
8000 21.236837799995556 9.625033899996197
12000 47.7790829000005 31.630358700000215
