2 0.13170939999690745 0.0001416000013705343
5 0.00011579999409150332 0.0003622000076575205
10 0.00010399999155197293 0.0001233000075444579
20 0.00012759999663103372 0.00010109999857377261
40 0.00023230000806506723 0.00012289998994674534
60 0.0005489000031957403 0.00018850000924430788
100 0.0012342999980319291 0.00027289999707136303
160 0.0031615000043530017 0.0007294999959412962
250 0.018209200003184378 0.001648300007218495
350 0.0360623000015039 0.0035007000115001574
500 0.07633300000452437 0.0060174999962328
1000 0.27123800000117626 0.03720449999673292
2000 0.8798131000075955 0.1964315999939572
3000 1.8228736000019126 0.5123815999977523
5000 4.203260700000101 2.110892899989267
8000 10.926851500000339 6.351665900001535
12000 23.173398799990537 18.391370299999835
