2 0.10885930000222288 0.0001244000013684854
5 8.969999908003956e-05 0.00032720000308472663
10 5.94000011915341e-05 0.0004047999973408878
20 0.00016070000128820539 0.0004894000012427568
40 0.0002663000050233677 0.0005221000028541312
60 0.0005594999965978786 0.000484800009871833
100 0.0014754000003449619 0.00043030000233557075
160 0.0035457000049063936 0.0006628999981330708
250 0.01528429999598302 0.00128900000709109
350 0.031104199995752424 0.0016980999935185537
500 0.056950500002130866 0.0070331000024452806
1000 0.2448288000014145 0.034507899996242486
2000 0.7204309000080684 0.1802229000022635
3000 1.6196482999948785 0.5142792000115151
5000 4.527268799996818 1.8156455999996979
8000 10.947771599996486 5.8784902000043076
12000 25.02674780000234 17.424842299995362
