2 0.1164450000069337 0.00014029999147169292
5 7.049999840091914e-05 0.00010279999696649611
10 7.509998977184296e-05 8.090000483207405e-05
20 9.119999594986439e-05 0.00011520000407472253
40 0.00024170000688172877 0.00010579999070614576
60 0.0004912000003969297 0.00012759999663103372
100 0.0011885999992955476 0.00020950000907760113
160 0.008137299999361858 0.0007264000014401972
250 0.013210899996920489 0.0008854000043356791
350 0.021221900009550154 0.003133299993351102
500 0.04078060000028927 0.0055591999989701435
1000 0.2903606000036234 0.03733380000630859
2000 0.707219099989743 0.17559920001076534
3000 1.5227707000012742 0.5554946999909589
5000 4.101093799996306 1.7584750999958487
8000 9.935029200001736 5.923709200011217
12000 23.166982599999756 19.389930800010916
