2 0.0004917000042041764 0.0005404999974416569
5 0.0004165999998804182 0.0003113999991910532
10 0.00042460000258870423 0.0004231999919284135
20 0.0005680000031134114 0.0003206999972462654
40 0.0006750000029569492 0.00011510000331327319
60 0.0010334999969927594 0.00014099999680183828
100 0.001775099997757934 0.00017179999849759042
160 0.0039080999995348975 0.0001967999996850267
250 0.0082066000031773 0.0002001999964704737
350 0.017446699988795444 0.0002406999992672354
500 0.043494099998497404 0.0004470999992918223
1000 0.1640837000013562 0.0007046000100672245
2000 0.7969183000095654 0.001566499995533377
3000 1.6497717000020202 0.003965199997765012
5000 4.765653800001019 0.002715299997362308
8000 11.850812699995004 0.006481800010078587
12000 26.30774650000967 0.007668299993383698
