2 0.11558250000234693 0.0002082999999402091
5 4.4200001866556704e-05 8.990000060293823e-05
10 5.739998596254736e-05 6.880000000819564e-05
20 0.00010380000458098948 8.149999484885484e-05
40 0.00024870000197552145 0.00012029999925289303
60 0.0004721000004792586 0.0001306000049225986
100 0.0012009999918518588 0.00020950000907760113
160 0.004030399999464862 0.0006519000016851351
250 0.011021799989975989 0.0009065000049304217
350 0.021120799996424466 0.0025120000063907355
500 0.051887199995690025 0.0050654000078793615
1000 0.24357350000354927 0.029615999999805354
2000 0.7322979000018677 0.1863378999987617
3000 1.4710889999987558 0.5122725999972317
5000 4.6403794000070775 1.997640899993712
8000 11.394244299997808 6.173042700000224
12000 25.621384500002023 18.00953579999623
