2 0.00042830000165849924 0.0002384999970672652
5 0.00031010000384412706 0.0003639999922597781
10 0.0003107999946223572 0.000404500009608455
20 0.00038080000376794487 0.0004071000003023073
40 0.0008455000061076134 0.00010969999129883945
60 0.001174800010630861 0.0001436000020476058
100 0.001678799992077984 0.00014560000272467732
160 0.0041286999912699685 0.00019829999655485153
250 0.008277200002339669 0.00020080000103916973
350 0.016670900004100986 0.0002418000076431781
500 0.03985590000229422 0.00045849999878555536
1000 0.18885379999119323 0.0005827999993925914
2000 0.6728760999976657 0.0010813999979291111
3000 1.659798699998646 0.0016571000014664605
5000 4.755398900000728 0.002840100001776591
8000 11.84849750000285 0.005188099996303208
12000 26.876396899999236 0.008251899998867884
