2 0.0005317999894032255 0.0005584000027738512
5 0.0005563000013353303 0.000556800005142577
10 0.0003572999994503334 0.0007045000093057752
20 0.000461499992525205 0.0004250000056345016
40 0.0009338000090792775 0.00012209999840706587
60 0.001879099989309907 0.00017470000602770597
100 0.0017188000056194142 0.000126499988255091
160 0.0035337000008439645 0.0002479999966453761
250 0.014280200004577637 0.00033680000342428684
350 0.020981400011805817 0.0004884999943897128
500 0.05004469999403227 0.000546300012501888
1000 0.18528669999795966 0.0010127999994438142
2000 0.6971485999965807 0.0024418999964836985
3000 1.62223670000094 0.003108900011284277
5000 4.487408599990886 0.003766100009670481
8000 11.86531149999064 0.00875850000011269
12000 25.996548399998574 0.011448899997049011
