2 6.540000322274864e-05 0.004004399990662932
5 6.36000040685758e-05 0.0003284999984316528
10 6.229999416973442e-05 0.0005443000118248165
20 0.0001117999927373603 0.0009491000091657043
40 0.00035280000884085894 0.0005510999908437952
60 0.0009105000062845647 0.0011386999976821244
100 0.0018054999964078888 0.0006595000013476238
160 0.0032001000072341412 0.0036601000028895214
250 0.010752199988928623 0.002957600008812733
350 0.029882799994084053 0.0036118999996688217
500 0.04968080000253394 0.015037899996968918
1000 0.23214040001039393 0.04433239999343641
2000 0.744545499997912 0.22593400000187103
3000 1.539929199992912 0.5131433000060497
5000 4.003422099995078 1.769104300008621
8000 10.641408299998147 6.032233699996141
12000 22.40836549999949 17.10264830000233
