2 0.000345199994626455 9.879999561235309e-05
5 0.00043569999979808927 0.00042660000326577574
10 0.0004222999996272847 0.00041789999522734433
20 0.00042830000165849924 0.0004253999941283837
40 0.0008165999897755682 0.00011160000576637685
60 0.0018776999932015315 0.00031230000604409724
100 0.0021112000104039907 0.0002351000002818182
160 0.004276499996194616 0.00016160000814124942
250 0.008907199997338466 0.00020789999689441174
350 0.029606199997942895 0.00024920000578276813
500 0.03765099999145605 0.00030940001306589693
1000 0.15974940000160132 0.0005877000075997785
2000 0.6768026000063401 0.0013389999949140474
3000 1.6742152999941027 0.002431800006888807
5000 4.400193900000886 0.005105999996885657
8000 11.591296399987186 0.006472300010500476
12000 27.03593670000555 0.008532599997124635
