2 0.0004985999985365197 0.0003332999913254753
5 0.00034499999310355633 0.0004084000102011487
10 0.0004096000047866255 0.0004031999997096136
20 0.00047679999261163175 0.00046540000766981393
40 0.0012503000034485012 0.0005180000007385388
60 0.0020088000019313768 0.00018640000780578703
100 0.0015387000021291897 0.00013210000179242343
160 0.004884299996774644 0.00016120000509545207
250 0.011707400000886992 0.0003071999963140115
350 0.029929500000434928 0.0002800999936880544
500 0.043701500006136484 0.0003896999987773597
1000 0.1708220999862533 0.00050970001029782
2000 0.7479856999998447 0.0010873999999603257
3000 1.6857754999946337 0.0016972000012174249
5000 4.767654199997196 0.002847200012183748
8000 11.305775400003768 0.006502499993075617
12000 26.030746499993256 0.008023800008231774
